{
  "mu": 2.5900314337556436,
  "var": 22.661930320659337,
  "max": 205.56694328178568,
  "min": 0.02751282249141557,
  "mu_y": 0.001437022791175922,
  "var_y": 2.5916735436485823,
  "max_y": 21.12857452423511,
  "min_y": -19.269523640862896
}