{
  "mu": 1.6820414091077487,
  "var": 2.9294662534843163,
  "max": 13.651313570952032,
  "min": 0.010208991536640163,
  "mu_y": -0.0014864218885392007,
  "var_y": 1.7066538425027584,
  "max_y": 9.099588802508622,
  "min_y": -8.462010368624266
}