{
  "mu": 1.1791343283365778,
  "var": 0.9715582103380332,
  "max": 64.98916782478082,
  "min": 0.15731118992586773,
  "mu_y": 0.000684873834744389,
  "var_y": 1.1878502250128478,
  "max_y": 8.494414307009583,
  "min_y": -10.559698600043602
}