{
  "mu": 1.1807416529825332,
  "var": 0.8943266084530893,
  "max": 26.94476480479639,
  "min": 0.13601249553267658,
  "mu_y": 0.007008001065976339,
  "var_y": 1.1848093370456902,
  "max_y": 9.177472858233237,
  "min_y": -9.156919240038906
}