{
  "mu": 6.595760200803514,
  "var": 98173.94830367979,
  "max": 60585.383527801125,
  "min": 0.17706722473969122,
  "mu_y": -0.001285646666190802,
  "var_y": 4.689892325892982,
  "max_y": 105.42424052499359,
  "min_y": -98.12331397727237
}