{
  "mu": 2.6505036806767683,
  "var": 823.1903562377884,
  "max": 4653.456423272207,
  "min": 0.13589943506717653,
  "mu_y": 0.0037902262286792433,
  "var_y": 2.6642226357998524,
  "max_y": 33.179731242426,
  "min_y": -90.33376030995615
}